  23       ABS   CVest  
  1968  13426.0  0.094 1.00   
  1969  14548.0  0.080 1.00    
  1970  14553.0  0.083 1.00     
  1971  12771.0  0.081 1.00    
  1972  11079.0  0.092 1.00    
  1973  17365.0  0.079 1.00    
  1974  17375.0  0.082 1.00   
  1975  15290.0  0.084 1.00   
  1976  17564.0  0.086 1.00   
  1977  18377.0  0.080 1.00    
  1978  19538.0  0.088 1.00     
  1979  15384.0  0.080 1.00    
  1980  19763.0  0.083 1.00     
  1985  23449.0  0.089 1.00    
  1986  22291.0  0.081 1.00      
  1988  26916.0  0.058 1.00     
  1993  15762.0  0.067 1.00   
  1994  20103.0  0.055 1.00     
  1996  20944.0  0.061 1.00   
  1998  21135.0  0.068 1.00     
  2001  16369.0  0.061 1.00
  2002  16033.0  0.069 1.00      
  2007  19126.0  0.071 1.00      

Variance covariance matrix
1967 0.0088812425578885 0.00333451096393708 0.00333451096393663 0.00333451096393685 0.0033345109639373 0.00333451096393752 0.00333451096393708 0.00333451096393641 0.0033345109639373 0.00333451096393685 0.00333451096393708 0.0033345109639373 0.00333451096393663 0.0033345109639373 0.00333451096393685 0.00222377011806930 0.00212264064690847 0.00214500172234569 0.00225535296540056 0.00214637343514576 0.00205012782945599 0.00219796193364414 0.00254302006519418
1968 0.00333451096393708 0.00643881014047066 0.00333451096393619 0.00333451096393641 0.00333451096393685 0.00333451096393708 0.00333451096393663 0.00333451096393597 0.00333451096393685 0.00333451096393641 0.00333451096393663 0.00333451096393685 0.00333451096393619 0.00333451096393685 0.00333451096393641 0.00222377011806953 0.00212264064690294 0.00214500172234569 0.00225535296540078 0.00214637343514576 0.00205012782945776 0.00219796193364325 0.00254302006519396
1969 0.00333451096393663 0.00333451096393619 0.0068618512903035 0.00333451096393619 0.00333451096393641 0.00333451096393663 0.00333451096393619 0.00333451096393553 0.00333451096393641 0.00333451096393597 0.00333451096393619 0.00333451096393641 0.00333451096393575 0.00333451096393641 0.00333451096393597 0.00222377011806908 0.00212264064690138 0.00214500172234613 0.00225535296540034 0.00214637343514421 0.00205012782945754 0.00219796193364347 0.00254302006519418
1970 0.00333451096393685 0.00333451096393641 0.00333451096393597 0.00660303397441348 0.00333451096393663 0.00333451096393685 0.00333451096393641 0.00333451096393575 0.00333451096393663 0.00333451096393619 0.00333451096393641 0.00333451096393663 0.00333451096393597 0.00333451096393663 0.00333451096393619 0.00222377011806953 0.00212264064690471 0.00214500172234569 0.00225535296539967 0.00214637343514443 0.00205012782945754 0.00219796193364458 0.00254302006519285
1971 0.0033345109639373 0.00333451096393685 0.00333451096393641 0.00333451096393663 0.0085402224681485 0.00333451096393708 0.00333451096393663 0.00333451096393619 0.00333451096393708 0.00333451096393663 0.00333451096393685 0.00333451096393708 0.00333451096393641 0.00333451096393708 0.00333451096393663 0.00222377011806953 0.00212264064690338 0.00214500172234635 0.00225535296540012 0.00214637343514510 0.00205012782945798 0.00219796193364370 0.00254302006519529
1972 0.00333451096393752 0.00333451096393708 0.00333451096393663 0.00333451096393685 0.00333451096393708 0.00631849613522148 0.00333451096393685 0.00333451096393619 0.00333451096393708 0.00333451096393685 0.00333451096393708 0.0033345109639373 0.00333451096393663 0.0033345109639373 0.00333451096393685 0.00222377011806930 0.00212264064690737 0.00214500172234591 0.00225535296540034 0.00214637343514510 0.00205012782945798 0.00219796193364347 0.00254302006519418
1973 0.00333451096393708 0.00333451096393663 0.00333451096393619 0.00333451096393641 0.00333451096393663 0.00333451096393685 0.00672344739375716 0.00333451096393575 0.00333451096393663 0.00333451096393641 0.00333451096393663 0.00333451096393685 0.00333451096393619 0.00333451096393663 0.00333451096393641 0.00222377011806930 0.00212264064690471 0.00214500172234591 0.00225535296540012 0.00214637343514554 0.00205012782945776 0.00219796193364370 0.00254302006519241
1974 0.00333451096393641 0.00333451096393597 0.00333451096393553 0.00333451096393575 0.00333451096393619 0.00333451096393619 0.00333451096393575 0.00709634332806061 0.00333451096393619 0.00333451096393575 0.00333451096393597 0.00333451096393619 0.00333451096393553 0.00333451096393619 0.00333451096393575 0.00222377011806930 0.00212264064689762 0.00214500172234613 0.00225535296540078 0.00214637343514355 0.00205012782945643 0.00219796193364436 0.00254302006519507
1975 0.0033345109639373 0.00333451096393685 0.00333451096393641 0.00333451096393663 0.00333451096393708 0.00333451096393708 0.00333451096393663 0.00333451096393619 0.007416481186574 0.00333451096393663 0.00333451096393685 0.00333451096393708 0.00333451096393641 0.00333451096393708 0.00333451096393663 0.00222377011806908 0.00212264064690825 0.00214500172234591 0.00225535296540012 0.00214637343514399 0.00205012782945665 0.00219796193364414 0.00254302006519418
1976 0.00333451096393685 0.00333451096393641 0.00333451096393597 0.00333451096393619 0.00333451096393663 0.00333451096393685 0.00333451096393641 0.00333451096393575 0.00333451096393663 0.00639589266323256 0.00333451096393641 0.00333451096393663 0.00333451096393597 0.00333451096393663 0.00333451096393619 0.00222377011806930 0.00212264064690271 0.00214500172234569 0.00225535296540034 0.00214637343514576 0.00205012782945709 0.00219796193364414 0.00254302006519285
1977 0.00333451096393708 0.00333451096393663 0.00333451096393619 0.00333451096393641 0.00333451096393685 0.00333451096393708 0.00333451096393663 0.00333451096393597 0.00333451096393685 0.00333451096393641 0.00778805622997285 0.00333451096393685 0.00333451096393619 0.00333451096393685 0.00333451096393641 0.00222377011806975 0.00212264064690759 0.00214500172234591 0.00225535296539967 0.00214637343514488 0.00205012782945754 0.00219796193364303 0.00254302006519241
1978 0.0033345109639373 0.00333451096393685 0.00333451096393663 0.00333451096393685 0.00333451096393708 0.0033345109639373 0.00333451096393685 0.00333451096393619 0.00333451096393708 0.00333451096393663 0.00333451096393685 0.00642564142796572 0.00333451096393641 0.00333451096393708 0.00333451096393685 0.00222377011806953 0.00212264064690648 0.00214500172234591 0.00225535296540012 0.00214637343514399 0.00205012782945732 0.00219796193364414 0.00254302006519551
1979 0.00333451096393663 0.00333451096393619 0.00333451096393575 0.00333451096393597 0.00333451096393641 0.00333451096393641 0.00333451096393597 0.00333451096393553 0.00333451096393641 0.00333451096393597 0.00333451096393619 0.00333451096393641 0.00684197444376724 0.00333451096393641 0.00333451096393597 0.00222377011806930 0.00212264064690205 0.00214500172234591 0.00225535296540012 0.00214637343514443 0.00205012782945665 0.00219796193364436 0.00254302006519307
1984 0.0033345109639373 0.00333451096393685 0.00333451096393641 0.00333451096393663 0.00333451096393708 0.00333451096393708 0.00333451096393663 0.00333451096393619 0.00333451096393708 0.00333451096393663 0.00333451096393685 0.00333451096393708 0.00333451096393641 0.00791957629533339 0.00333451096393663 0.00222377011806930 0.00212264064691025 0.00214500172234569 0.00225535296540034 0.00214637343514244 0.00205012782945909 0.00219796193364325 0.00254302006519307
1985 0.00333451096393685 0.00333451096393641 0.00333451096393619 0.00333451096393641 0.00333451096393663 0.00333451096393685 0.00333451096393641 0.00333451096393575 0.00333451096393663 0.00333451096393619 0.00333451096393641 0.00333451096393685 0.00333451096393597 0.00333451096393663 0.00663714889007578 0.00222377011806953 0.00212264064690227 0.00214500172234613 0.00225535296540122 0.00214637343514355 0.00205012782945643 0.00219796193364525 0.00254302006519462
1987 0.00222377011806930 0.00222377011806953 0.00222377011806908 0.00222377011806953 0.00222377011806953 0.00222377011806930 0.00222377011806930 0.00222377011806930 0.00222377011806908 0.00222377011806930 0.00222377011806975 0.00222377011806930 0.00222377011806930 0.00222377011806930 0.00222377011806930 0.00338453445234453 0.00223882222800106 0.00223244535487643 0.0021085140271475 0.00231497477935965 0.00230933850074033 0.00168950548180251 0.00239282339037463
1992 0.00212264064690847 0.00212264064690294 0.00212264064690138 0.00212264064690471 0.00212264064690316 0.00212264064690737 0.00212264064690471 0.00212264064689762 0.00212264064690825 0.00212264064690271 0.00212264064690759 0.00212264064690648 0.00212264064690205 0.00212264064691025 0.00212264064690227 0.00223882222800106 0.00455561770839893 0.00242797789818603 0.00237825906546145 0.00306410604414072 0.00232360424460522 0.00223256640343591 0.002317593575897
1993 0.00214500172234569 0.00214500172234547 0.00214500172234613 0.00214500172234569 0.00214500172234635 0.00214500172234591 0.00214500172234591 0.00214500172234591 0.00214500172234591 0.00214500172234569 0.00214500172234591 0.00214500172234591 0.00214500172234591 0.00214500172234569 0.00214500172234591 0.00223244535487643 0.00242797789818603 0.00307523203646767 0.0024505657607082 0.00226522004857120 0.00215561394702793 0.00244062260446032 0.00246895984286526
1995 0.00225535296540056 0.00225535296540078 0.00225535296540034 0.00225535296539967 0.00225535296540012 0.00225535296540034 0.00225535296540012 0.00225535296540078 0.00225535296540012 0.00225535296540034 0.00225535296539967 0.00225535296540012 0.00225535296540012 0.00225535296540034 0.00225535296540122 0.0021085140271475 0.00237825906546145 0.0024505657607082 0.00367103154096283 0.00181814993415115 0.00211007504951037 0.00289899746694137 0.00279543081416205
1997 0.00214637343514576 0.00214637343514576 0.00214637343514421 0.00214637343514443 0.00214637343514488 0.00214637343514510 0.00214637343514554 0.00214637343514355 0.00214637343514399 0.00214637343514576 0.00214637343514488 0.00214637343514399 0.00214637343514443 0.00214637343514244 0.00214637343514355 0.00231497477935965 0.00306410604414072 0.00226522004857120 0.00181814993415115 0.00467955393285018 0.00242158149511689 0.00125120701321907 0.00169793817762338
2000 0.00205012782945599 0.00205012782945776 0.00205012782945754 0.00205012782945754 0.00205012782945798 0.00205012782945798 0.00205012782945754 0.00205012782945643 0.00205012782945665 0.00205012782945709 0.00205012782945754 0.00205012782945732 0.00205012782945665 0.00205012782945909 0.00205012782945621 0.00230933850074033 0.00232360424460522 0.00215561394702793 0.00211007504951037 0.00242158149511689 0.0037666533551057 0.00199460483184807 0.00212709932959560
2001 0.00219796193364414 0.00219796193364325 0.00219796193364347 0.00219796193364458 0.00219796193364370 0.00219796193364347 0.00219796193364370 0.00219796193364436 0.00219796193364414 0.00219796193364414 0.00219796193364303 0.00219796193364414 0.00219796193364436 0.00219796193364325 0.00219796193364525 0.00168950548180251 0.00223256640343591 0.00244062260446032 0.00289899746694137 0.00125120701321907 0.00199460483184807 0.00477089742863257 0.00283743519813798
2006 0.00254302006519418 0.00254302006519396 0.00254302006519418 0.00254302006519285 0.00254302006519529 0.00254302006519418 0.00254302006519241 0.00254302006519507 0.00254302006519418 0.00254302006519285 0.00254302006519241 0.00254302006519529 0.00254302006519307 0.00254302006519307 0.00254302006519462 0.00239282339037463 0.002317593575897 0.00246895984286526 0.00279543081416205 0.00169793817762338 0.00212709932959560 0.00283743519813798 0.00507618186792455
  
    12       ABS   CVest 
    1999	135.0307	0.089	1.000
    2000	140.7725	0.093	1.000
    2001	171.5958	0.073	1.000
    2002	188.8606	0.048	1.000
    2003	200.4845	0.082	1.000
    2004	206.4597	0.072	1.000
    2005	205.8644	0.109	1.000
    2006	190.1622	0.099	1.000
    2007	183.0685	0.126	1.000
    2008	191.2557	0.084	1.000
    2009	185.0623	0.125	1.000
    2010	186.3767	0.100	1.000
 
Variance covariance matrix
1999	0.0078910	0.0004335	0.0003056	0.0002329	0.0001018	0.0001261	0.0001303	0.0000693	0.0001406	0.0002150	0.0002334	0.0001653
2000	0.0004335	0.0086905	0.0003576	0.0002147	0.0001015	0.0001037	0.0001072	0.0000560	0.0001038	0.0001693	0.0001810	0.0001271
2001	0.0003056	0.0003576	0.0053582	0.0001882	0.0000949	0.0000850	0.0000890	0.0000495	0.0000847	0.0001502	0.0001620	0.0001358
2002	0.0002329	0.0002147	0.0001882	0.0023416	0.0000896	0.0000769	0.0000673	0.0000414	0.0000720	0.0001173	0.0001221	0.0001049
2003	0.0001018	0.0001015	0.0000949	0.0000896	0.0067044	0.0001137	0.0000913	0.0000436	0.0000608	0.0000702	0.0000937	0.0000616
2004	0.0001261	0.0001037	0.0000850	0.0000769	0.0001137	0.0051697	0.0001329	0.0000758	0.0000858	0.0000994	0.0001103	0.0000981
2005	0.0001303	0.0001072	0.0000890	0.0000673	0.0000913	0.0001329	0.0119711	0.0002472	0.0002476	0.0002204	0.0002700	0.0002222
2006	0.0000693	0.0000560	0.0000495	0.0000414	0.0000436	0.0000758	0.0002472	0.0097325	0.0004327	0.0003877	0.0003702	0.0004233
2007	0.0001406	0.0001038	0.0000847	0.0000720	0.0000608	0.0000858	0.0002476	0.0004327	0.0157725	0.0008387	0.0008248	0.0009030
2008	0.0002150	0.0001693	0.0001502	0.0001173	0.0000702	0.0000994	0.0002204	0.0003877	0.0008387	0.0070203	0.0012102	0.0013894
2009	0.0002334	0.0001810	0.0001620	0.0001221	0.0000937	0.0001103	0.0002700	0.0003702	0.0008248	0.0012102	0.0156244	0.0020432
2010	0.0001653	0.0001271	0.0001358	0.0001049	0.0000616	0.0000981	0.0002222	0.0004233	0.0009030	0.0013894	0.0020432	0.0100070

  15       Est     SD
  1994     945   68.2
  1995     619   67.2
  1996    1146   70.7
  1997    1431   82.0
  1998    1388   92.0
  1999     427   41.1
  2000     279   34.8
  2001     256   28.6
  2002     842   78.6
  2003     774   73.6
  2004    1528   96.0
  2005     945   86.9
  2006    1020  103.3
  2007     404   51.2
  2008     312   41.9



